Dimensionality has been reduce from 22665216 pixels to 11042316 pixels (48% data of the total)
CONFUSION MATRIX : 
[[1767    8    0    0    0    0    0    0    0    0    0    0    0    0
     0    0]
 [  42 3486    0    0    0    0    0    0    0    0    0    0    0    0
     0    5]
 [   0    0 1763    0   82    1    1    0    0   69   23    0    0    0
     7    0]
 [   0    0    2 1189   31    0    0    0    0    2    0    0    0    0
     1    3]
 [   0    0    7    5 2355    0    0    0    0    3    1    0    0    0
     5    0]
 [   0    0    0    0    0 3729    0    5    0    1    0    0    0    0
     0    0]
 [   0    0    0    0    0    0 3337   15    0    0    0    0    0    0
     2   21]
 [   0    0    0    0    0    0    8 8227    0   22    0    0    0   17
  2873    1]
 [   0    0    3    0    2   11    0   13 5730   43    0    0    0    2
     4    0]
 [   0    0    0    0    1    4    1  368   25 2720    1    3    0   13
   108    5]
 [   0    0    1    0    2    2    0   34  243  105  822    0    0    0
     1    0]
 [   0    0    0    0    5    0    0    3    0   70   21 1724    0    0
    22    9]
 [   0    0    0    0    0    0    3   19    1    6    0    0  700   46
     0    0]
 [   0   18    0    0    0   12    3   19    4   24    0    0   16  791
     1    0]
 [   0    0    0    0    0    0    1 2320    0    8    0    0    0    1
  4018    6]
 [   0   14    0    0    0    0   25   48    0    5    0    0    0    0
    26 1557]]
43915.0 pixels has been predicted correctly for a total of 50929.0 pixels (86.22788588034322%)
accuracy 1:0.9767827529021559
accuracy 2:0.9886557005104935
accuracy 3:0.9926801801801802
accuracy 4:0.9958123953098827
accuracy 5:0.950363196125908
accuracy 6:0.9920191540303273
accuracy 7:0.9875702870671796
accuracy 8:0.7431126366181917
accuracy 9:0.9545227386306847
accuracy 10:0.8836907082521117
accuracy 11:0.9470046082949308
accuracy 12:0.998262883613202
accuracy 13:0.9776536312849162
accuracy 14:0.9091954022988505
accuracy 15:0.5684776457272213
accuracy 16:0.9688861232109521
