Dimensionality has been reduce from 22665216 pixels to 11042316 pixels (48% data of the total)
CONFUSION MATRIX : 
[[1797    0    0    0    0    0    0    0    0    0    0    0    0    0
     0    0]
 [  12 3521    0    0    0    0    0    0    0    0    0    0    0    0
     0    0]
 [   0    0 1766    0   33    0    0    0    0   46    0    0    0    0
     0    0]
 [   0    0    0 1190   16    0    0    0    0    0    0    0    0    0
     0    0]
 [   0    0    4    4 2416    0    1    0    0    1    1    0    0    0
     0    0]
 [   0    0    0    0    0 3745    0    3    0    0    0    0    0    0
     0    0]
 [   0    0    0    0    0    0 3367    7    0    1    0    0    0    0
     0    0]
 [   0    0    0    0    1    5    0 9388    0    5    0    0    0    1
  2097    0]
 [   0    0    6    0    4    3    0    7 5994   45    0    0    0    0
     0    0]
 [   0    0    0    0    8    2    0  212    0 2883    4    4    0    8
    93   16]
 [   0    0    0    0    0    0    0   24    8   80  842    0    0    0
     0    0]
 [   0    0    0    0    0    0    0    0    0    5   21 1723    0    0
     0    0]
 [   0    0    0    0    0    0    2    0    0    0    0    0  706   11
     0    0]
 [   0    5    0    0    0    4    9    4    1    6    0    0   10  850
     0    0]
 [   0    0    0    0    0    0    0 1426    0    0    0    0    0    0
  4865    0]
 [   0    0    0    0    0    0    0    0    0    6    0    0    0    0
    13 1591]]
46644.0 pixels has been predicted correctly for a total of 50929.0 pixels (91.58632606177227%)
accuracy 1:0.9933665008291874
accuracy 2:0.9985819625638117
accuracy 3:0.9943693693693694
accuracy 4:0.9966499162479062
accuracy 5:0.9749798224374495
accuracy 6:0.9962756052141527
accuracy 7:0.9964486534477656
accuracy 8:0.8479812121759552
accuracy 9:0.9985007496251874
accuracy 10:0.9366471734892787
accuracy 11:0.9700460829493087
accuracy 12:0.9976838448176027
accuracy 13:0.9860335195530726
accuracy 14:0.9770114942528736
accuracy 15:0.6883135257498585
accuracy 16:0.9900435594275047
